1.0	0.12999999999999998
2.0	0.12999999999999998
3.0	0.12999999999999998
4.0	0.13999999999999999
5.0	0.12999999999999998
6.0	0.13999999999999999
7.0	0.15
8.0	0.15
9.0	0.15
10.0	0.15
11.0	0.15
12.0	0.15
13.0	0.16
14.0	0.17
15.0	0.15
16.0	0.18000000000000002
17.0	0.18000000000000002
18.0	0.17
19.0	0.16
20.0	0.18000000000000002
21.0	0.22000000000000006
22.0	0.21000000000000005
23.0	0.20000000000000004
24.0	0.19000000000000003
25.0	0.18000000000000002
26.0	0.18000000000000002
27.0	0.19000000000000003
28.0	0.22000000000000006
29.0	0.25000000000000006
30.0	0.2700000000000001
31.0	0.3000000000000001
32.0	0.2900000000000001
33.0	0.2800000000000001
34.0	0.2700000000000001
35.0	0.26000000000000006
36.0	0.25000000000000006
37.0	0.25000000000000006
38.0	0.24000000000000007
39.0	0.24000000000000007
40.0	0.23000000000000007
41.0	0.22000000000000006
42.0	0.22000000000000006
43.0	0.24000000000000007
44.0	0.25000000000000006
45.0	0.2700000000000001
46.0	0.2900000000000001
47.0	0.3000000000000001
48.0	0.3200000000000001
49.0	0.3300000000000001
50.0	0.34000000000000014
51.0	0.36000000000000015
52.0	0.37000000000000016
53.0	0.38000000000000017
54.0	0.3900000000000002
55.0	0.4000000000000002
56.0	0.4200000000000002
57.0	0.4300000000000002
58.0	0.4400000000000002
59.0	0.45000000000000023
60.0	0.45000000000000023
61.0	0.46000000000000024
62.0	0.47000000000000025
63.0	0.48000000000000026
64.0	0.49000000000000027
65.0	0.5000000000000002
66.0	0.5000000000000002
67.0	0.5100000000000002
68.0	0.5200000000000002
69.0	0.5300000000000002
70.0	0.5300000000000002
71.0	0.5400000000000003
72.0	0.5500000000000003
73.0	0.5500000000000003
74.0	0.5600000000000003
75.0	0.5600000000000003
